1.1359643394232697 1.4930626349953973 117.55789702718442 0.3804052828678735 0.5533137413479522 -0.7410369251270442
-1.0758984890594772 1.516837628363877 117.5208288025272 0.16703636156553894 0.5623955231381615 -0.8098210478056865
-3.343666417993686 1.5632589099574443 117.51697201862663 -0.04526100437578605 0.573102945801866 -0.818232518906526
-5.738215372017032 1.6541769115632017 118.44429621691816 -0.2634871575751481 0.5722678277255101 -0.7765848640961881
-7.937191415084623 1.7491500341541077 119.63195252426428 -0.45045416945687133 0.5784905827980971 -0.680029180868614
-9.975901575887905 1.90953697652922 121.5661053535986 -0.6152762390592673 0.5773783109872475 -0.5367210035489542
1.1359643394232697 1.4930626349953973 117.55789702718442 0.3804052828678735 0.5533137413479522 -0.7410369251270442
-1.076748996323578 1.51735256589604 117.35779421376495 0.16934423616335512 0.5634600321384425 -0.8086008421098726
-3.3433393513238308 1.564326565227671 117.52212929444568 -0.04564579824472833 0.5727299355450106 -0.8184722854398978
-5.738215372017032 1.6541769115632017 118.44429621691816 -0.2634871575751481 0.5722678277255101 -0.7765848640961881
-7.937191415084623 1.7491500341541077 119.63195252426428 -0.45045416945687133 0.5784905827980971 -0.680029180868614
-9.975901575887905 1.90953697652922 121.5661053535986 -0.6152762390592673 0.5773783109872475 -0.5367210035489542
1.1359643394232697 1.4930626349953973 117.55789702718442 0.3804052828678735 0.5533137413479522 -0.7410369251270442
-1.0716562471428823 1.515640630039325 117.43651311853725 0.16660741778039992 0.563439053876673 -0.8091837868538314
-3.3433393513238308 1.564326565227671 117.52212929444568 -0.04564579824472833 0.5727299355450106 -0.8184722854398978
-5.733673629535373 1.6549416171270057 118.38900874479594 -0.2642693820310345 0.5724716037922422 -0.7761687680990993
-7.937191415084623 1.7491500341541077 119.63195252426428 -0.45045416945687133 0.5784905827980971 -0.680029180868614
-9.975901575887905 1.90953697652922 121.5661053535986 -0.6152762390592673 0.5773783109872475 -0.5367210035489542
1.1359643394232697 1.4930626349953973 117.55789702718442 0.3804052828678735 0.5533137413479522 -0.7410369251270442
-1.076748996323578 1.51735256589604 117.35779421376495 0.16934423616335512 0.5634600321384425 -0.8086008421098726
-3.3433393513238308 1.564326565227671 117.52212929444568 -0.04564579824472833 0.5727299355450106 -0.8184722854398978
-5.738585370161555 1.653720526680894 118.40257400682262 -0.2626610637828282 0.5729339177886585 -0.7763735514685001
-7.937191415084623 1.7491500341541077 119.63195252426428 -0.45045416945687133 0.5784905827980971 -0.680029180868614
-9.975901575887905 1.90953697652922 121.5661053535986 -0.6152762390592673 0.5773783109872475 -0.5367210035489542
1.1359643394232697 1.4930626349953973 117.55789702718442 0.3804052828678735 0.5533137413479522 -0.7410369251270442
-1.0751083856856332 1.5130842045168154 117.38802027559102 0.1677334752024746 0.5645550191515427 -0.8081726991474669
-3.3433393513238308 1.564326565227671 117.52212929444568 -0.04564579824472833 0.5727299355450106 -0.8184722854398978
-5.738215372017032 1.6541769115632017 118.44429621691816 -0.2634871575751481 0.5722678277255101 -0.7765848640961881
-7.937191415084623 1.7491500341541077 119.63195252426428 -0.45045416945687133 0.5784905827980971 -0.680029180868614
-9.975901575887905 1.90953697652922 121.5661053535986 -0.6152762390592673 0.5773783109872475 -0.5367210035489542
1.1359643394232697 1.4930626349953973 117.55789702718442 0.3804052828678735 0.5533137413479522 -0.7410369251270442
-1.076748996323578 1.51735256589604 117.35779421376495 0.16934423616335512 0.5634600321384425 -0.8086008421098726
-3.3433393513238308 1.564326565227671 117.52212929444568 -0.04564579824472833 0.5727299355450106 -0.8184722854398978
-5.738215372017032 1.6541769115632017 118.44429621691816 -0.2634871575751481 0.5722678277255101 -0.7765848640961881
-7.937191415084623 1.7491500341541077 119.63195252426428 -0.45045416945687133 0.5784905827980971 -0.680029180868614
-9.966357890755619 1.90672302745335 121.5052337101326 -0.6164654596456096 0.5773049062988884 -0.535433826188782
